958789078436859560416246813873154925 82.8067
839579149223669257315239994963284016 81
806549556821114497985009812443886483 80
805449356921104588985990912444885483 80
940578149224768267315238995963294007 77
895449457811025577985000013444876384 75
905449446821124588985001801343886373 75
858788169345769359616236684863265136 75
806559356821024488985001912544976394 75
896350465921205588975999831344805493 74
896540464821194598975999831243896383 74
886340454820194488875909812354896393 72
847787158425770350606128894763265145 71.4124
896449445921104599985919923444896283 71
949579240124669267415238906963283015 71
949578149224779357315227895972283006 69.2134
896450555921194688985909822334796383 69
897450455821104587975809813344886382 68
797450454822203688975900823344896384 68
847688159445760340616236684763265134 67
048688157535760350606337884754365145 67
949579130224869357214328904953273027 66
795450456931214578995900912444895383 66
896569555811104487876809722434996392 66
706440455831005588875998922444896283 65
795550455821104588065810822444786483 64.8794
948680168437849560516237914963164134 64.3943
949579149124869268315228985964283016 64
949569040124769257415219804963282916 62
939699167337748560516138814863163025 62
815449456812115599095090912444896493 61
804469555831114488885901912435896393 60
806449457721114588984000912545787383 56
937598158446660349516237784863275145 53
937570968336650560516137814862163035 52
848688059336849550516237914763074036 48.7582
938789157435760359716247785863365146 46
938699078336759560516226914863054046 41
848698058425760459615247784864364145 39
939678158424770368516227784962264136 38
040589139123850256315228895963283116 34
939579058124769257425229906973283016 34
959570049134769256315228995973293125 32
806458456921124488894099912454886383 31
948699067226650650616237714874264126 31
948687149535760359616237774963265135 28
848689077336659560517237903864164935 25
948588168535760369615137684953265155 25
048680079347769461417336924863065025 24
847699067236659560515238913863164934 23
